253152274623365120
253152284144435201
253152293711642625
253152303584903170
253152314020462592
253152324162158592
253152334228619264
253152344269651968
253152355653124097
253152365769785345
253152377228623882
253152388133683200
253152397839302656
253152407712694274
253152417510719501
253152427631443968
253152437605498881
253152453996838919
253152463891333121
253152473865388033
253152484518920192
253152494182465537
253152504764825600
253152515028156426
253152525014925312
253152534552772611
253152545550106624
253152554534436875
253152564709818368
253152575589711872
253152585802842112
253152596339064834
253152607885983744
253152617214115850
253152627997540352
253152637925457920
253152648310554625
253152658888720384
253152668795535360
253152680145453056
253152689456676865
253152699695104000
253152709597855754
253152719433498625
253152731076755457
253152741403131915
253152763951710208
253152774861225985
253152785544118274
253152796159901706
253152807371276289
253152816951066625
253152827826765825
253152839935852544
253152850224480256
253152860202729472
253152871900643338
253152882042470400
253152892750397442
253152902535839745
253152913621254144
253152923234598912
253152933858770945
253152944625549312
253152955207909377
253152964812734465
253152975919382528
253152986904264704
253152996312088577
253153006508310529
253153016616583178
253153026330591233
253153036690653184
253153046891069440
253153056949010434
253153067371855875
253153077396373505
253153090570682368
253153100829949952
253153110841753600
253153120853557251
253153130961829888
253153142101770257
253153151912378369
253153163551571968
253153174154641409
253153186284568586
253153196262817794
253153206496919562
253153216705855488
253153227153866752
253153237400682496
253153247584321536
253153258338517002
253153268501446658
253153279683461120
253153289758179328
253153300654850048
253153311279022080
253153323224399872
253153333974401024
253153343323635714
253153355075944448
253153364995473411
253153375363792896
253153385400893441
253153396205420545
253153406598774785
253153416971288577
253153427264241664
253153437716316170
253153447765868544
253153458025136128
253153468150185984
253153479688847361
253153489880875008
253153499909455872
253153509904613377
253153520491036673
253153531043774466
