15000,
19410,
28230,
41460,
59100,
81150,
107610,
138480,
173760,
213450,
257550,
306060,
358980,
416310,
478050,
544200,
614760,
689730,
769110,
852900,
941100,
1033710,
1130730,
1232160,
1338000,
1448250,
1562910,
1681980,
1805460,
1933350,
2065650,
2202360,
2343480,
2489010,
2638950,
2793300,
2952060,
3115230,
3282810,
3454800,
3631200,
3812010,
3997230,
4186860,
4380900,
4579350,
4782210,
4989480,
5201160,
5417250,
5637750,
5862660,
6091980,
6325710,
6563850,
6806400,
7053360,
7304730,
7560510,
7820700,
8085300,
8354310,
8627730,
8905560,
9187800,
9474450,
9765510,
10060980,
10360860,
10665150,
10973850,
11286960,
11604480,
11926410,
12252750,
12583500,
12918660,
13258230,
13602210,
13950600,
14303400,
14660610,
15022230,
15388260,
15758700,
16133550,
16512810,
16896480,
17284560,
17677050,
18073950,
18475260,
18880980,
19291110,
19705650,
20124600,
20547960,
20975730,
21407910,
21844500,
22285500,
22730910,
23180730,
23634960,
24093600,
24556650,
25024110,
25495980,
25972260,
26452950,
26938050,
27427560,
27921480,
28419810,
28922550,
29429700,
29941260,
30457230,
30977610,
31502400,
